   1       0.000            0.000            0.000     
   2       0.000            0.000            0.000     
   4       0.000            0.000            0.000     
   8       0.000            0.000            0.000     
  16       0.000            0.000            0.000     
  32       0.010            0.000            0.000     
  64       0.062            0.000            0.000     
 128       0.357            0.000            0.000     
 256       1.653            0.000            0.000     
 512       6.586            0.000            0.000     
